March 8, 2023 Hydrasynth sysex reverse engineering notes.

I have created patch and individual sysex message encoders and 
decoders via Encode.java and Decode.java. Decode.java appears
to properly decode, and encode(decode(data))==data, so I think
Encode.java is working too.

Base64 decoded and stripped of the CRC checksum (see March 7 notes), 
the full process for a dump request and dump appear to consist of
the following messages:


->	1. A Header
		18 00 
		
<-	2. A Header Response
		19 00

->	3. A Patch Request
		04 00 BANK NUMBER

	4. Then 21 times for CHUNK = 0 ... 20 (hex 0 ... 14)

<-		- A Chunk Dump
			16 00 CHUNK 16 DATA...
			Where DATA... is 128 bytes long

->		- A Chunk Acknowledgment 
			17 00 CHUNK 16

	5. Then 1 time for CHUNK = 21 (hex 15)

<-		- A Chunk Dump
			16 00 CHUNK 16 DATA...
			Where DATA... is 102 bytes long		[truncated]

->		- A Chunk Acknowledgment 
			17 00 CHUNK 16
		
->	6. A Footer
		1A 00
		
<-	6. A Footer Response
		1B 00
	




Here is an example for the first patch, "Sawexpressive GD"
	

18 00		Header	(Handshake?)
19 00		Header response (Handshake response?)

04 00 00 00	Request Bank 0 Patch 0 Chunk 0

16 00 00 16 05 00 00 00 9B 00 00 00 0D 53 61 77 70 72 65 73 73 69 76 65 20 47 44
00 20 00 20 00 B0 04 00 00 04 00 20 00 00 00 00 00 00 00 00 00 02 00 01 00 73 00
00 00 00 00 00 00 00 00 00 00 01 00 01 00 00 00 00 00 00 00 00 00 00 00 00 00 00
00 00 00 00 00 03 00 00 00 00 00 64 00 00 00 03 00 00 00 00 00 00 00 00 00 00 00
00 00 00 00 00 00 03 00 00 00 00 00 64 00 00 00 03 00 00 00 00 00 00 00 
	Chunk Dump 0

17 00 00 16		Acknowledge Chunk 0

16 00 01 16 00 00 00 00 00 00 00 00 03 00 F4 FF 00 00 64 00 00 00 01 00 40 02 00
04 00 00 00 00 00 00 02 00 00 00 00 02 00 00 00 00 00 00 00 04 00 00 00 00 00 00
00 00 00 00 00 00 00 00 00 00 00 00 00 00 00 00 00 00 00 00 00 00 00 00 00 00 00
00 01 00 40 02 00 04 00 00 00 00 00 00 02 00 01 00 00 02 00 00 00 00 00 00 00 04
00 00 00 00 00 00 00 00 00 00 00 00 00 00 00 00 00 00 00 00 00 00 00 00 
	Chunk Dump 1

17 00 01 16		Acknowledge Chunk 1

16 00 02 16 00 00 00 00 00 00 00 00 00 00 01 00 00 02 00 00 00 00 00 04 00 00 00
00 00 00 00 00 00 00 00 02 00 02 00 02 00 00 00 00 0C 00 00 02 00 02 00 00 00 00
00 00 07 00 6C 01 DB 00 00 00 00 02 00 02 00 02 00 03 00 00 00 00 00 00 00 00 00
04 00 00 00 00 00 02 00 02 00 02 00 02 00 02 00 02 C7 01 01 00 02 00 18 02 3E 01
68 01 2E 00 01 00 00 00 02 00 00 00 55 02 C4 01 91 00 42 01 00 00 00 00 
	Chunk Dump 2

17 00 02 16		Acknowledge Chunk 2

16 00 03 16 02 00 00 00 F7 02 08 01 7E 00 5D 01 B4 01 00 00 03 00 00 00 00 00 82
02 00 00 7F 00 41 00 00 00 00 01 00 01 00 01 00 01 00 01 00 01 00 01 00 01 00 00
00 00 00 00 01 00 04 00 00 00 00 00 00 00 01 00 01 00 01 00 00 00 00 00 00 00 00
00 00 00 00 00 00 00 00 00 00 00 00 00 7F 00 7F 00 00 00 00 00 00 04 00 00 00 00
00 00 00 00 40 00 40 00 40 00 00 00 00 00 00 00 00 00 30 02 00 00 00 04 
	Chunk Dump 3

17 00 03 16		Acknowledge Chunk 3

16 00 04 16 2B 01 00 00 00 00 00 00 40 00 40 00 40 00 00 00 00 00 00 00 00 00 00
00 00 00 00 04 00 00 00 00 00 00 00 00 40 00 40 00 40 00 00 00 00 00 00 00 00 00
00 00 00 00 00 04 00 00 00 00 00 00 00 00 40 00 40 00 40 00 00 00 00 00 00 00 00
00 00 00 00 00 00 04 00 00 00 00 00 00 00 00 40 00 40 00 40 00 00 00 00 00 00 00
00 00 00 00 5F 02 00 00 00 00 00 00 00 00 00 00 00 04 00 00 00 00 00 00 
	Chunk Dump 4
	
17 00 04 16		Acknowledge Chunk 4

16 00 05 16 00 04 00 00 00 02 00 02 00 02 00 02 00 02 00 02 00 00 C1 01 00 00 00
00 00 00 00 00 00 00 00 04 00 00 00 00 00 00 00 04 00 00 00 02 00 02 00 02 00 02
00 02 00 02 00 00 C1 01 00 00 00 00 00 00 00 00 00 00 00 04 00 00 00 00 00 00 00
04 00 00 00 02 00 02 00 02 00 02 00 02 00 02 00 00 C1 01 00 00 00 00 00 00 00 00
00 00 00 04 00 00 00 00 00 00 00 04 00 00 00 02 00 02 00 02 00 02 00 02 
	Chunk Dump 5
	
17 00 05 16		Acknowledge Chunk 5

16 00 06 16 00 02 00 00 C1 01 00 00 00 00 00 00 00 00 00 00 00 04 00 00 00 00 00
00 00 04 00 00 00 02 00 02 00 02 00 02 00 02 00 02 B0 04 04 00 32 00 32 00 00 00
01 00 00 00 00 00 00 00 01 00 00 00 00 00 00 00 00 00 05 00 61 02 8A 02 00 02 07
02 14 02 B1 00 2B 03 7F 02 03 00 00 00 00 00 00 00 00 00 00 00 00 00 00 00 00 00
00 00 00 00 00 00 00 00 00 00 00 00 00 00 00 00 00 00 00 00 00 00 00 00 
	Chunk Dump 6
	
17 00 06 16		Acknowledge Chunk 6

16 00 07 16 00 00 00 00 00 00 11 00 11 00 06 00 11 00 11 00 13 00 19 00 19 00 00
00 00 00 00 00 00 00 00 00 00 00 00 00 00 00 00 00 00 00 00 00 00 00 00 00 00 00
00 00 00 00 00 00 00 00 00 00 00 00 00 00 00 00 00 00 00 00 58 00 66 00 13 00 9C
00 90 00 7C 00 15 00 58 00 00 00 00 00 00 00 00 00 00 00 00 00 00 00 00 00 00 00
00 00 00 00 00 00 00 00 00 00 00 00 00 00 00 00 00 00 00 00 00 00 00 00 
	Chunk Dump 7
	
17 00 07 16		Acknowledge Chunk 7

16 00 08 16 00 00 00 00 00 00 0C 00 0E 00 05 00 1D 00 18 00 14 00 06 00 0C 00 00
00 00 00 00 00 00 00 00 00 00 00 00 00 00 00 00 00 00 00 00 00 00 00 00 00 00 00
00 00 00 00 00 00 00 00 00 00 00 00 00 00 00 00 00 00 00 00 57 02 00 00 00 00 00
00 00 00 00 00 00 00 00 00 00 04 00 02 00 02 00 00 00 00 00 00 00 00 00 00 00 04
00 00 00 00 00 00 00 00 00 00 00 00 00 00 00 04 43 02 10 02 00 00 00 00 
	Chunk Dump 8
	
17 00 08 16		Acknowledge Chunk 8

16 00 09 16 00 00 00 00 00 00 64 03 54 03 84 01 00 00 00 00 00 00 00 00 00 00 00
04 00 04 00 00 00 00 00 00 00 00 00 00 00 00 00 00 00 00 00 00 00 04 00 00 00 00
00 00 00 00 00 04 00 00 00 00 00 00 00 00 00 00 00 00 00 00 0C 00 00 00 00 00 00
00 00 00 00 00 00 00 00 00 4D 00 58 00 00 00 00 00 00 00 00 00 00 00 00 00 69 00
00 00 00 00 00 00 00 00 00 00 00 00 00 00 76 00 66 00 58 00 00 00 00 00 
	Chunk Dump 9
	
17 00 09 16		Acknowledge Chunk 9

16 00 0A 16 00 00 00 00 00 00 4A 00 4B 00 4B 00 00 00 00 00 00 00 00 00 00 00 18
00 32 00 00 00 00 00 00 00 00 00 00 00 00 00 00 00 00 00 00 00 6E 00 00 00 00 00
00 00 00 00 73 00 00 00 00 00 00 00 00 00 00 00 00 00 00 00 32 02 00 00 00 00 00
00 00 00 00 00 00 00 00 00 00 02 00 02 00 02 00 00 00 00 00 00 00 00 00 00 00 02
00 00 00 00 00 00 00 00 00 00 00 00 00 00 00 02 00 02 00 02 00 00 00 00 
	Chunk Dump 10
	
17 00 0A 16		Acknowledge Chunk 10

16 00 0B 16 00 00 00 00 00 00 00 02 00 02 00 02 00 00 00 00 00 00 00 00 00 00 00
02 00 02 00 00 00 00 00 00 00 00 00 00 00 00 00 00 00 00 00 00 00 02 00 00 00 00
00 00 00 00 00 02 00 00 00 00 00 00 00 00 00 00 00 00 00 00 02 00 00 00 00 00 00
00 00 00 00 00 00 00 00 00 0B 00 0C 00 00 00 00 00 00 00 00 00 00 00 00 00 0F 00
00 00 00 00 00 00 00 00 00 00 00 00 00 00 12 00 0E 00 0C 00 00 00 00 00 
	Chunk Dump 11
	
17 00 0B 16		Acknowledge Chunk 11

16 00 0C 16 00 00 00 00 00 00 0B 00 0B 00 0B 00 00 00 00 00 00 00 00 00 00 00 06
00 08 00 00 00 00 00 00 00 00 00 00 00 00 00 00 00 00 00 00 00 10 00 00 00 00 00
00 00 00 00 11 00 00 00 00 00 00 00 00 00 00 00 00 00 00 00 00 00 00 00 00 00 00
00 00 00 00 00 4A 01 8A 01 00 00 00 00 00 00 00 00 57 61 76 65 00 00 00 00 00 00
00 00 43 6C 65 61 00 4E 6F 69 73 65 00 00 00 52 65 76 65 72 73 65 00 00 
	Chunk Dump 12
	
17 00 0C 16		Acknowledge Chunk 12

16 00 0D 16 43 68 6F 72 75 73 00 00 42 61 73 69 63 53 74 00 00 48 46 2D 53 70 69
6E 00 00 61 73 74 00 00 00 00 00 54 68 69 63 6B 65 6E 00 44 61 72 6B 65 6E 00 00
00 46 4D 00 00 52 4D 00 00 50 57 2D 41 53 4D 00 00 00 44 65 6C 61 79 00 00 00 4B
65 79 00 4D 6F 64 20 00 52 65 76 65 72 62 00 00 53 75 62 00 31 30 2E 30 00 45 54
43 44 00 02 00 02 00 02 00 02 00 02 00 02 00 02 00 02 00 02 00 02 00 02 
	Chunk Dump 13
	
17 00 0D 16		Acknowledge Chunk 13

16 00 0E 16 00 02 00 02 00 02 00 02 00 02 00 02 00 02 00 02 00 02 00 02 00 02 00
02 00 02 00 02 00 02 00 02 00 02 00 02 00 02 00 02 00 02 00 02 00 02 00 02 00 02
00 02 00 02 00 02 00 02 00 02 00 02 00 02 00 02 00 02 00 02 00 02 00 02 00 02 00
02 00 02 00 02 00 02 00 02 00 02 00 02 00 02 00 02 00 02 00 02 00 02 00 02 00 02
00 02 00 02 00 02 00 02 00 02 00 02 00 02 00 02 00 02 00 02 00 02 00 02 
	Chunk Dump 14
	
17 00 0E 16		Acknowledge Chunk 14

16 00 0F 16 00 02 00 02 00 02 00 02 00 02 00 02 00 02 00 02 00 02 00 02 00 02 00
02 00 02 00 02 00 02 00 02 00 02 00 02 00 02 00 02 00 02 00 02 00 02 00 02 00 02
00 02 00 02 00 02 00 02 00 02 00 02 00 02 00 02 00 02 00 02 00 02 00 02 00 02 00
02 00 02 00 02 00 02 00 02 00 02 00 02 00 02 00 02 00 02 00 02 00 02 00 02 00 02
00 02 00 02 00 02 00 02 00 02 00 02 00 02 00 02 00 02 00 02 00 02 00 02 
	Chunk Dump 15
	
17 00 0F 16		Acknowledge Chunk 15

16 00 10 16 00 02 00 02 00 02 00 02 00 02 00 02 00 02 00 02 00 02 00 02 00 02 00
02 00 02 00 02 00 02 00 02 00 02 00 02 00 02 00 02 00 02 00 02 00 02 00 02 00 02
00 02 00 02 00 02 00 02 00 02 00 02 00 02 00 02 00 02 00 02 00 02 00 02 00 02 00
02 00 02 00 02 00 02 00 02 00 02 00 02 00 02 00 02 00 02 00 02 00 02 00 02 00 02
00 02 00 02 00 02 00 02 00 02 00 02 00 02 00 02 00 02 00 02 00 02 00 02 
	Chunk Dump 16
	
17 00 10 16		Acknowledge Chunk 16

16 00 11 16 00 02 00 02 00 02 00 02 00 02 00 02 00 02 00 02 00 02 00 02 00 02 00
02 00 02 00 02 00 02 00 02 00 02 00 02 00 02 00 02 00 02 00 02 00 02 00 02 00 02
00 02 00 02 00 02 00 02 00 02 00 02 00 02 00 02 00 02 00 02 00 02 00 02 00 02 00
02 00 02 00 02 00 02 00 02 00 02 00 02 00 02 00 02 00 02 00 02 00 02 00 02 00 02
00 02 00 02 00 02 00 02 00 02 00 02 00 02 00 02 00 02 00 02 00 02 00 02 
	Chunk Dump 17
	
17 00 11 16		Acknowledge Chunk 17

16 00 12 16 00 02 00 02 00 02 00 02 00 02 00 02 00 02 00 02 00 02 00 02 00 02 00
02 00 02 00 00 00 00 00 00 00 00 00 00 01 00 00 00 00 00 00 00 00 00 01 00 00 00
00 00 00 00 00 00 01 00 00 00 00 00 00 00 00 00 01 00 00 00 00 00 00 00 00 00 01
00 00 00 00 00 00 00 00 00 9C FF 9C FF 9C FF 9C FF 9C FF 00 00 00 00 00 00 00 00
00 00 00 00 00 00 00 00 00 00 00 00 00 00 00 00 00 00 00 00 00 00 00 00 
	Chunk Dump 18
	
17 00 12 16		Acknowledge Chunk 18

16 00 13 16 00 00 00 00 00 00 00 00 00 00 00 00 00 00 00 00 00 00 00 00 00 00 00
00 00 00 00 00 00 00 00 00 00 00 00 00 00 00 00 00 00 00 00 00 00 00 00 00 00 00
00 00 00 00 00 00 00 00 00 00 00 00 00 00 00 00 00 00 00 00 00 00 00 00 00 00 00
00 00 00 00 00 00 00 00 00 00 00 00 00 00 00 00 00 00 00 00 00 00 00 00 00 00 00
00 00 00 00 00 00 00 00 00 00 00 00 00 00 00 00 00 00 00 00 00 00 00 00 
	Chunk Dump 19
	
17 00 13 16		Acknowledge Chunk 19

16 00 14 16 00 00 00 00 00 00 00 00 00 00 00 00 00 00 00 00 00 00 00 00 00 00 00
00 00 00 00 00 00 00 00 00 00 00 00 00 00 00 00 00 00 00 00 00 00 00 00 00 00 00
00 00 00 00 00 00 00 00 00 00 00 00 00 00 00 00 00 00 00 00 00 00 00 00 00 00 00
00 00 00 00 00 00 00 00 00 00 00 00 00 00 00 00 00 00 00 00 00 00 00 00 00 00 00
00 00 00 00 00 00 00 00 00 00 00 00 00 00 00 00 00 00 00 00 00 00 00 00 
	Chunk Dump 20
	
17 00 14 16		Acknowledge Chunk 20

16 00 15 16 00 00 00 00 00 00 00 00 00 00 00 00 00 00 00 00 00 00 00 00 00 00 00
00 00 00 00 00 00 00 00 00 00 00 00 00 00 00 00 00 00 00 00 00 00 00 00 00 00 00
00 00 00 00 00 00 00 00 00 00 00 00 00 00 00 00 00 00 00 00 00 00 00 00 00 00 00
00 00 00 00 00 00 00 00 00 00 00 00 00 00 00 00 00 00 00 00 00 00 00 00 00 
	Chunk Dump 21		[truncated]
	
17 00 15 16 	Acknowledge Chunk 21

1A 00		Footer
1B 00		Footer response





See edisyn/synth/asmhydrasynth/Decode.java  which does a full test decode of 
the patch example below.

If we remove the first four bytes from each chunk and concatenate them, then
all told the patch data appears to be the following 2790 bytes:


ADDR    00 01 02 03 04 05 06 07    08 09 0A 0B 0C 0D 0E 0F          ASCII
----    -----------------------    -----------------------    +----------------+
0000    05 00 00 00 9B 00 00 00    0D 53 61 77 70 72 65 73    |         Sawpres|
0010    73 69 76 65 20 47 44 00    20 00 20 00 B0 04 00 00    |sive GD         |
0020    04 00 20 00 00 00 00 00    00 00 00 00 02 00 01 00    |                |
0030    73 00 00 00 00 00 00 00    00 00 00 00 01 00 01 00    |s               |
0040    00 00 00 00 00 00 00 00    00 00 00 00 00 00 00 00    |                |
0050    00 00 03 00 00 00 00 00    64 00 00 00 03 00 00 00    |        d       |
0060    00 00 00 00 00 00 00 00    00 00 00 00 00 00 03 00    |                |
0070    00 00 00 00 64 00 00 00    03 00 00 00 00 00 00 00    |    d           |
0080    00 00 00 00 00 00 00 00    03 00 F4 FF 00 00 64 00    |              d |
0090    00 00 01 00 40 02 00 04    00 00 00 00 00 00 02 00    |    @           |
00A0    00 00 00 02 00 00 00 00    00 00 00 04 00 00 00 00    |                |
00B0    00 00 00 00 00 00 00 00    00 00 00 00 00 00 00 00    |                |
00C0    00 00 00 00 00 00 00 00    00 00 00 00 00 00 01 00    |                |
00D0    40 02 00 04 00 00 00 00    00 00 02 00 01 00 00 02    |@               |
00E0    00 00 00 00 00 00 00 04    00 00 00 00 00 00 00 00    |                |
00F0    00 00 00 00 00 00 00 00    00 00 00 00 00 00 00 00    |                |
0100    00 00 00 00 00 00 00 00    00 00 01 00 00 02 00 00    |                |
0110    00 00 00 04 00 00 00 00    00 00 00 00 00 00 00 02    |                |
0120    00 02 00 02 00 00 00 00    0C 00 00 02 00 02 00 00    |                |
0130    00 00 00 00 07 00 6C 01    DB 00 00 00 00 02 00 02    |      l         |
0140    00 02 00 03 00 00 00 00    00 00 00 00 00 04 00 00    |                |
0150    00 00 00 02 00 02 00 02    00 02 00 02 00 02 C7 01    |                |
0160    01 00 02 00 18 02 3E 01    68 01 2E 00 01 00 00 00    |      > h .     |
0170    02 00 00 00 55 02 C4 01    91 00 42 01 00 00 00 00    |    U     B     |
0180    02 00 00 00 F7 02 08 01    7E 00 5D 01 B4 01 00 00    |        ~ ]     |
0190    03 00 00 00 00 00 82 02    00 00 7F 00 41 00 00 00    |            A   |
01A0    00 01 00 01 00 01 00 01    00 01 00 01 00 01 00 01    |                |
01B0    00 00 00 00 00 00 01 00    04 00 00 00 00 00 00 00    |                |
01C0    01 00 01 00 01 00 00 00    00 00 00 00 00 00 00 00    |                |
01D0    00 00 00 00 00 00 00 00    00 00 7F 00 7F 00 00 00    |                |
01E0    00 00 00 04 00 00 00 00    00 00 00 00 40 00 40 00    |            @ @ |
01F0    40 00 00 00 00 00 00 00    00 00 30 02 00 00 00 04    |@         0     |
0200    2B 01 00 00 00 00 00 00    40 00 40 00 40 00 00 00    |+       @ @ @   |
0210    00 00 00 00 00 00 00 00    00 00 00 04 00 00 00 00    |                |
0220    00 00 00 00 40 00 40 00    40 00 00 00 00 00 00 00    |    @ @ @       |
0230    00 00 00 00 00 00 00 04    00 00 00 00 00 00 00 00    |                |
0240    40 00 40 00 40 00 00 00    00 00 00 00 00 00 00 00    |@ @ @           |
0250    00 00 00 04 00 00 00 00    00 00 00 00 40 00 40 00    |            @ @ |
0260    40 00 00 00 00 00 00 00    00 00 00 00 5F 02 00 00    |@           _   |
0270    00 00 00 00 00 00 00 00    00 04 00 00 00 00 00 00    |                |
0280    00 04 00 00 00 02 00 02    00 02 00 02 00 02 00 02    |                |
0290    00 00 C1 01 00 00 00 00    00 00 00 00 00 00 00 04    |                |
02A0    00 00 00 00 00 00 00 04    00 00 00 02 00 02 00 02    |                |
02B0    00 02 00 02 00 02 00 00    C1 01 00 00 00 00 00 00    |                |
02C0    00 00 00 00 00 04 00 00    00 00 00 00 00 04 00 00    |                |
02D0    00 02 00 02 00 02 00 02    00 02 00 02 00 00 C1 01    |                |
02E0    00 00 00 00 00 00 00 00    00 00 00 04 00 00 00 00    |                |
02F0    00 00 00 04 00 00 00 02    00 02 00 02 00 02 00 02    |                |
0300    00 02 00 00 C1 01 00 00    00 00 00 00 00 00 00 00    |                |
0310    00 04 00 00 00 00 00 00    00 04 00 00 00 02 00 02    |                |
0320    00 02 00 02 00 02 00 02    B0 04 04 00 32 00 32 00    |            2 2 |
0330    00 00 01 00 00 00 00 00    00 00 01 00 00 00 00 00    |                |
0340    00 00 00 00 05 00 61 02    8A 02 00 02 07 02 14 02    |      a         |
0350    B1 00 2B 03 7F 02 03 00    00 00 00 00 00 00 00 00    |  +             |
0360    00 00 00 00 00 00 00 00    00 00 00 00 00 00 00 00    |                |
0370    00 00 00 00 00 00 00 00    00 00 00 00 00 00 00 00    |                |
0380    00 00 00 00 00 00 11 00    11 00 06 00 11 00 11 00    |                |
0390    13 00 19 00 19 00 00 00    00 00 00 00 00 00 00 00    |                |
03A0    00 00 00 00 00 00 00 00    00 00 00 00 00 00 00 00    |                |
03B0    00 00 00 00 00 00 00 00    00 00 00 00 00 00 00 00    |                |
03C0    00 00 00 00 00 00 58 00    66 00 13 00 9C 00 90 00    |      X f       |
03D0    7C 00 15 00 58 00 00 00    00 00 00 00 00 00 00 00    ||   X           |
03E0    00 00 00 00 00 00 00 00    00 00 00 00 00 00 00 00    |                |
03F0    00 00 00 00 00 00 00 00    00 00 00 00 00 00 00 00    |                |
0400    00 00 00 00 00 00 0C 00    0E 00 05 00 1D 00 18 00    |                |
0410    14 00 06 00 0C 00 00 00    00 00 00 00 00 00 00 00    |                |
0420    00 00 00 00 00 00 00 00    00 00 00 00 00 00 00 00    |                |
0430    00 00 00 00 00 00 00 00    00 00 00 00 00 00 00 00    |                |
0440    00 00 00 00 00 00 57 02    00 00 00 00 00 00 00 00    |      W         |
0450    00 00 00 00 00 00 00 04    00 02 00 02 00 00 00 00    |                |
0460    00 00 00 00 00 00 00 04    00 00 00 00 00 00 00 00    |                |
0470    00 00 00 00 00 00 00 04    43 02 10 02 00 00 00 00    |        C       |
0480    00 00 00 00 00 00 64 03    54 03 84 01 00 00 00 00    |      d T       |
0490    00 00 00 00 00 00 00 04    00 04 00 00 00 00 00 00    |                |
04A0    00 00 00 00 00 00 00 00    00 00 00 00 00 04 00 00    |                |
04B0    00 00 00 00 00 00 00 04    00 00 00 00 00 00 00 00    |                |
04C0    00 00 00 00 00 00 0C 00    00 00 00 00 00 00 00 00    |                |
04D0    00 00 00 00 00 00 4D 00    58 00 00 00 00 00 00 00    |      M X       |
04E0    00 00 00 00 00 00 69 00    00 00 00 00 00 00 00 00    |      i         |
04F0    00 00 00 00 00 00 76 00    66 00 58 00 00 00 00 00    |      v f X     |
0500    00 00 00 00 00 00 4A 00    4B 00 4B 00 00 00 00 00    |      J K K     |
0510    00 00 00 00 00 00 18 00    32 00 00 00 00 00 00 00    |        2       |
0520    00 00 00 00 00 00 00 00    00 00 00 00 6E 00 00 00    |            n   |
0530    00 00 00 00 00 00 73 00    00 00 00 00 00 00 00 00    |      s         |
0540    00 00 00 00 00 00 32 02    00 00 00 00 00 00 00 00    |      2         |
0550    00 00 00 00 00 00 00 02    00 02 00 02 00 00 00 00    |                |
0560    00 00 00 00 00 00 00 02    00 00 00 00 00 00 00 00    |                |
0570    00 00 00 00 00 00 00 02    00 02 00 02 00 00 00 00    |                |
0580    00 00 00 00 00 00 00 02    00 02 00 02 00 00 00 00    |                |
0590    00 00 00 00 00 00 00 02    00 02 00 00 00 00 00 00    |                |
05A0    00 00 00 00 00 00 00 00    00 00 00 00 00 02 00 00    |                |
05B0    00 00 00 00 00 00 00 02    00 00 00 00 00 00 00 00    |                |
05C0    00 00 00 00 00 00 02 00    00 00 00 00 00 00 00 00    |                |
05D0    00 00 00 00 00 00 0B 00    0C 00 00 00 00 00 00 00    |                |
05E0    00 00 00 00 00 00 0F 00    00 00 00 00 00 00 00 00    |                |
05F0    00 00 00 00 00 00 12 00    0E 00 0C 00 00 00 00 00    |                |
0600    00 00 00 00 00 00 0B 00    0B 00 0B 00 00 00 00 00    |                |
0610    00 00 00 00 00 00 06 00    08 00 00 00 00 00 00 00    |                |
0620    00 00 00 00 00 00 00 00    00 00 00 00 10 00 00 00    |                |
0630    00 00 00 00 00 00 11 00    00 00 00 00 00 00 00 00    |                |
0640    00 00 00 00 00 00 00 00    00 00 00 00 00 00 00 00    |                |
0650    00 00 4A 01 8A 01 00 00    00 00 00 00 00 00 57 61    |  J           Wa|
0660    76 65 00 00 00 00 00 00    00 00 43 6C 65 61 00 4E    |ve        Clea N|
0670    6F 69 73 65 00 00 00 52    65 76 65 72 73 65 00 00    |oise   Reverse  |
0680    43 68 6F 72 75 73 00 00    42 61 73 69 63 53 74 00    |Chorus  BasicSt |
0690    00 48 46 2D 53 70 69 6E    00 00 61 73 74 00 00 00    | HF-Spin  ast   |
06A0    00 00 54 68 69 63 6B 65    6E 00 44 61 72 6B 65 6E    |  Thicken Darken|
06B0    00 00 00 46 4D 00 00 52    4D 00 00 50 57 2D 41 53    |   FM  RM  PW-AS|
06C0    4D 00 00 00 44 65 6C 61    79 00 00 00 4B 65 79 00    |M   Delay   Key |
06D0    4D 6F 64 20 00 52 65 76    65 72 62 00 00 53 75 62    |Mod  Reverb  Sub|
06E0    00 31 30 2E 30 00 45 54    43 44 00 02 00 02 00 02    | 10.0 ETCD      |
06F0    00 02 00 02 00 02 00 02    00 02 00 02 00 02 00 02    |                |
0700    00 02 00 02 00 02 00 02    00 02 00 02 00 02 00 02    |                |
0710    00 02 00 02 00 02 00 02    00 02 00 02 00 02 00 02    |                |
0720    00 02 00 02 00 02 00 02    00 02 00 02 00 02 00 02    |                |
0730    00 02 00 02 00 02 00 02    00 02 00 02 00 02 00 02    |                |
0740    00 02 00 02 00 02 00 02    00 02 00 02 00 02 00 02    |                |
0750    00 02 00 02 00 02 00 02    00 02 00 02 00 02 00 02    |                |
0760    00 02 00 02 00 02 00 02    00 02 00 02 00 02 00 02    |                |
0770    00 02 00 02 00 02 00 02    00 02 00 02 00 02 00 02    |                |
0780    00 02 00 02 00 02 00 02    00 02 00 02 00 02 00 02    |                |
0790    00 02 00 02 00 02 00 02    00 02 00 02 00 02 00 02    |                |
07A0    00 02 00 02 00 02 00 02    00 02 00 02 00 02 00 02    |                |
07B0    00 02 00 02 00 02 00 02    00 02 00 02 00 02 00 02    |                |
07C0    00 02 00 02 00 02 00 02    00 02 00 02 00 02 00 02    |                |
07D0    00 02 00 02 00 02 00 02    00 02 00 02 00 02 00 02    |                |
07E0    00 02 00 02 00 02 00 02    00 02 00 02 00 02 00 02    |                |
07F0    00 02 00 02 00 02 00 02    00 02 00 02 00 02 00 02    |                |
0800    00 02 00 02 00 02 00 02    00 02 00 02 00 02 00 02    |                |
0810    00 02 00 02 00 02 00 02    00 02 00 02 00 02 00 02    |                |
0820    00 02 00 02 00 02 00 02    00 02 00 02 00 02 00 02    |                |
0830    00 02 00 02 00 02 00 02    00 02 00 02 00 02 00 02    |                |
0840    00 02 00 02 00 02 00 02    00 02 00 02 00 02 00 02    |                |
0850    00 02 00 02 00 02 00 02    00 02 00 02 00 02 00 02    |                |
0860    00 02 00 02 00 02 00 02    00 02 00 02 00 02 00 02    |                |
0870    00 02 00 02 00 02 00 02    00 02 00 02 00 02 00 02    |                |
0880    00 02 00 02 00 02 00 02    00 02 00 02 00 02 00 02    |                |
0890    00 02 00 02 00 02 00 02    00 02 00 02 00 02 00 02    |                |
08A0    00 02 00 02 00 02 00 02    00 02 00 02 00 02 00 02    |                |
08B0    00 02 00 02 00 02 00 02    00 02 00 02 00 02 00 02    |                |
08C0    00 02 00 02 00 02 00 02    00 02 00 02 00 02 00 02    |                |
08D0    00 02 00 02 00 02 00 02    00 02 00 02 00 02 00 02    |                |
08E0    00 02 00 02 00 02 00 02    00 02 00 02 00 02 00 02    |                |
08F0    00 02 00 02 00 02 00 02    00 02 00 02 00 02 00 02    |                |
0900    00 02 00 02 00 02 00 02    00 02 00 02 00 02 00 02    |                |
0910    00 02 00 02 00 02 00 02    00 02 00 00 00 00 00 00    |                |
0920    00 00 00 00 01 00 00 00    00 00 00 00 00 00 01 00    |                |
0930    00 00 00 00 00 00 00 00    01 00 00 00 00 00 00 00    |                |
0940    00 00 01 00 00 00 00 00    00 00 00 00 01 00 00 00    |                |
0950    00 00 00 00 00 00 9C FF    9C FF 9C FF 9C FF 9C FF    |                |
0960    00 00 00 00 00 00 00 00    00 00 00 00 00 00 00 00    |                |
0970    00 00 00 00 00 00 00 00    00 00 00 00 00 00 00 00    |                |
0980    00 00 00 00 00 00 00 00    00 00 00 00 00 00 00 00    |                |
0990    00 00 00 00 00 00 00 00    00 00 00 00 00 00 00 00    |                |
09A0    00 00 00 00 00 00 00 00    00 00 00 00 00 00 00 00    |                |
09B0    00 00 00 00 00 00 00 00    00 00 00 00 00 00 00 00    |                |
09C0    00 00 00 00 00 00 00 00    00 00 00 00 00 00 00 00    |                |
09D0    00 00 00 00 00 00 00 00    00 00 00 00 00 00 00 00    |                |
09E0    00 00 00 00 00 00 00 00    00 00 00 00 00 00 00 00    |                |
09F0    00 00 00 00 00 00 00 00    00 00 00 00 00 00 00 00    |                |
0A00    00 00 00 00 00 00 00 00    00 00 00 00 00 00 00 00    |                |
0A10    00 00 00 00 00 00 00 00    00 00 00 00 00 00 00 00    |                |
0A20    00 00 00 00 00 00 00 00    00 00 00 00 00 00 00 00    |                |
0A30    00 00 00 00 00 00 00 00    00 00 00 00 00 00 00 00    |                |
0A40    00 00 00 00 00 00 00 00    00 00 00 00 00 00 00 00    |                |
0A50    00 00 00 00 00 00 00 00    00 00 00 00 00 00 00 00    |                |
0A60    00 00 00 00 00 00 00 00    00 00 00 00 00 00 00 00    |                |
0A70    00 00 00 00 00 00 00 00    00 00 00 00 00 00 00 00    |                |
0A80    00 00 00 00 00 00 00 00    00 00 00 00 00 00 00 00    |                |
0A90    00 00 00 00 00 00 00 00    00 00 00 00 00 00 00 00    |                |
0AA0    00 00 00 00 00 00 00 00    00 00 00 00 00 00 00 00    |                |
0AB0    00 00 00 00 00 00 00 00    00 00 00 00 00 00 00 00    |                |
0AC0    00 00 00 00 00 00 00 00    00 00 00 00 00 00 00 00    |                |
0AD0    00 00 00 00 00 00 00 00    00 00 00 00 00 00 00 00    |                |
0AE0    00 00 00 00 00 00                                     |      |


